1 , 1 , 94.54304414249154
1 , 2 , 7.974437617065474
1 , 3 , 10.254952542413353
1 , 4 , -109.25329189980856
1 , 5 , -21.587648450058666
1 , 6 , 23.476255276469583
1 , 7 , 13.723573839787136
1 , 8 , -26.55841271212015
1 , 9 , 7.062394977245326
1 , 10 , -136.99979689322078
1 , 11 , -29.204746399775853
1 , 12 , -63.80914094709041
1 , 13 , -26.62836148634549
1 , 14 , 28.98644456020712
1 , 15 , -16.266256249535388
1 , 16 , -30.41982604010322
1 , 17 , 35.27011157451619
1 , 18 , 9.764277616845224
1 , 19 , -51.9073494479096
1 , 20 , 101.13451222751598
1 , 21 , -28.47585633847262
1 , 22 , -9.041806807782748
1 , 23 , -55.688968644721555
1 , 24 , 15.029628030054825
1 , 25 , -43.16082322235004
1 , 26 , -65.89071033793815
1 , 27 , -6.6932360250323395
1 , 28 , -11.099891070334284
1 , 29 , -110.30933789830962
1 , 30 , -74.49989125639675
1 , 31 , -76.49462942241111
1 , 32 , 111.38564026644231
1 , 33 , -37.83199951448917
1 , 34 , 120.12355394815202
1 , 35 , -80.45972187832433
1 , 36 , -74.68137141446672
1 , 37 , -64.28534725728584
1 , 38 , 24.872556038125857
1 , 39 , 43.7613823973727
1 , 40 , -87.6524337750155
1 , 41 , 47.20877905740589
1 , 42 , -77.57229590547915
1 , 43 , -90.88910983291267
1 , 44 , -50.87327824630231
1 , 45 , -5.504071717457603
1 , 46 , -95.73148679911958
1 , 47 , -26.35033112585303
1 , 48 , -37.3858318295945
1 , 49 , 77.00302762837383
1 , 50 , 42.18782435336684
2 , 1 , -25.082295325694723
2 , 2 , 112.39358472164356
2 , 3 , -118.57249728286524
2 , 4 , -23.045593732456375
2 , 5 , -53.64404530420595
2 , 6 , 78.7747291580879
2 , 7 , -45.769655127146066
2 , 8 , -48.86064614562489
2 , 9 , 71.80943036800053
2 , 10 , -25.846571148931716
2 , 11 , 46.97297849119384
2 , 12 , -82.93936184855133
2 , 13 , 20.162429864368264
2 , 14 , 93.94305034973618
2 , 15 , -57.19413294577991
2 , 16 , 15.566904717379352
2 , 17 , -150.11046165767075
2 , 18 , -214.13530077200852
2 , 19 , -11.639969374211534
2 , 20 , 52.4797872291855
2 , 21 , -54.96557301628819
2 , 22 , 87.84477241075936
2 , 23 , 101.19386818492465
2 , 24 , 29.793563964443848
2 , 25 , -127.64528506812543
2 , 26 , 122.14895432846058
2 , 27 , 140.66982557612607
2 , 28 , -60.62240063163037
2 , 29 , 82.84033517160772
2 , 30 , -11.932333754447036
2 , 31 , 73.24874236513327
2 , 32 , -115.64978528966672
2 , 33 , -33.57049226253106
2 , 34 , -59.50836384520115
2 , 35 , -50.454685325413465
2 , 36 , 48.76703838759851
2 , 37 , 32.27669766144069
2 , 38 , -26.043546891645306
2 , 39 , 153.05999138633783
2 , 40 , -63.14815585331803
2 , 41 , -51.983051506802155
2 , 42 , 89.40676166719183
2 , 43 , -31.558181968397193
2 , 44 , 27.231529246858102
2 , 45 , -69.68906077554905
2 , 46 , -45.78980519069664
2 , 47 , 32.17768406026522
2 , 48 , -1.635941785780341
2 , 49 , -19.037771202976934
2 , 50 , 2.925968620779075
3 , 1 , 14.831803483816284
3 , 2 , 38.980634072341005
3 , 3 , 39.420192981269395
3 , 4 , -10.308164244898938
3 , 5 , -3.421792809823218
3 , 6 , 64.69432661336883
3 , 7 , 5.264755297777807
3 , 8 , -103.46516777224203
3 , 9 , -63.349882015748655
3 , 10 , -42.785569584226714
3 , 11 , -7.354821695856287
3 , 12 , -13.942671068443154
3 , 13 , 93.9159977016229
3 , 14 , 16.307773979966708
3 , 15 , 5.723983457247559
3 , 16 , 83.18233459895089
3 , 17 , -203.07109255099277
3 , 18 , -20.24538587427233
3 , 19 , -137.77910220018137
3 , 20 , -154.6121727092252
3 , 21 , 12.819979557818513
3 , 22 , -244.14735315484762
3 , 23 , -96.33750555562037
3 , 24 , 3.215273360455604
3 , 25 , -26.90280080231628
3 , 26 , 51.78953533398719
3 , 27 , 27.01126455689127
3 , 28 , 4.204582469366901
3 , 29 , -48.95748114315426
3 , 30 , -88.55699123813798
3 , 31 , 45.48751972395203
3 , 32 , -163.77248961797903
3 , 33 , -31.234865986006753
3 , 34 , 23.676147790409274
3 , 35 , 177.96716277213784
3 , 36 , -38.943416994190116
3 , 37 , 2.305323724559255
3 , 38 , -112.25901156192884
3 , 39 , 195.93776359185787
3 , 40 , -131.52829257180392
3 , 41 , -156.35974466195114
3 , 42 , 52.13529732434016
3 , 43 , 34.747117966340014
3 , 44 , -25.44639603302078
3 , 45 , 150.0314486639446
3 , 46 , 56.00263973130274
3 , 47 , -86.12184978738327
3 , 48 , 30.575157579834215
3 , 49 , 0.5306604057287991
3 , 50 , -0.9409429575982085
4 , 1 , -11.41986921788244
4 , 2 , 93.31687949360234
4 , 3 , 13.64621655155112
4 , 4 , 10.429991201832216
4 , 5 , 30.917981196208
4 , 6 , -63.47920714653743
4 , 7 , 132.4668766089484
4 , 8 , -59.27567053061965
4 , 9 , -44.09701302325181
4 , 10 , -104.01849870652053
4 , 11 , 40.22565799352886
4 , 12 , 34.18797745627886
4 , 13 , -62.53155094998671
4 , 14 , 31.35329081818042
4 , 15 , 7.828133034759203
4 , 16 , -89.71460728742179
4 , 17 , 26.979662194526465
4 , 18 , -32.01331277938972
4 , 19 , -55.53731102354617
4 , 20 , -49.196717458722134
4 , 21 , 106.73959452490631
4 , 22 , -54.05524380357073
4 , 23 , -8.405809675522338
4 , 24 , -151.30612584291327
4 , 25 , -63.01496747214284
4 , 26 , -46.411399886563814
4 , 27 , 2.118967374856675
4 , 28 , -30.969236693461266
4 , 29 , -46.39615792373528
4 , 30 , -51.25232999023089
4 , 31 , 56.58757991142957
4 , 32 , 20.108486118586505
4 , 33 , -102.11872156346735
4 , 34 , -25.335371424962084
4 , 35 , -16.21729201548998
4 , 36 , 9.876771959623417
4 , 37 , 5.4904250942836725
4 , 38 , 2.6541980147751083
4 , 39 , -11.876236263299905
4 , 40 , 19.01030322074423
4 , 41 , 7.439171109388393
4 , 42 , -106.26450734261317
4 , 43 , 71.42122368508335
4 , 44 , 78.75631165829759
4 , 45 , -8.47181654321729
4 , 46 , -62.71364629900896
4 , 47 , -51.76073991947845
4 , 48 , 78.20821592622157
4 , 49 , 44.1858064772036
4 , 50 , -174.0209759372497
5 , 1 , 0.7418854243822219
5 , 2 , -136.44532616340035
5 , 3 , -67.2273478697351
5 , 4 , 9.650316477333794
5 , 5 , -181.08937285993164
5 , 6 , -138.46366889926074
5 , 7 , 153.6235789532082
5 , 8 , 4.480373317363382
5 , 9 , -105.20807124467302
5 , 10 , 61.74413870301456
5 , 11 , -52.95396742949421
5 , 12 , -45.05060250882345
5 , 13 , -28.621549547824866
5 , 14 , 12.997319849301189
5 , 15 , 66.40043501121364
5 , 16 , -34.61009495024349
5 , 17 , -61.44918967675779
5 , 18 , -18.450693244612015
5 , 19 , 34.97855715189161
5 , 20 , -103.44834594841059
5 , 21 , 117.10418946949024
5 , 22 , -100.96469389931367
5 , 23 , 30.77051311518114
5 , 24 , 3.7570144552216873
5 , 25 , 37.966937444345035
5 , 26 , -66.58068580798303
5 , 27 , 108.4707103723803
5 , 28 , -197.26389696003193
5 , 29 , 40.70873452563495
5 , 30 , 95.57165148606572
5 , 31 , 53.92349943910558
5 , 32 , -99.1417920075503
5 , 33 , -24.379429531845833
5 , 34 , -133.038852251948
5 , 35 , -44.304690958649516
5 , 36 , 19.880931693327305
5 , 37 , -44.02895060323444
5 , 38 , -100.91247843449233
5 , 39 , -15.43830971813346
5 , 40 , 50.94582053272363
5 , 41 , -62.98519602855138
5 , 42 , -117.29500252898164
5 , 43 , 10.552457262941799
5 , 44 , -29.330541898324043
5 , 45 , -42.36941715288637
5 , 46 , -13.959502120943299
5 , 47 , -25.90545795683837
5 , 48 , -90.15973857404168
5 , 49 , -152.50814333808268
5 , 50 , -53.59112609771228
6 , 1 , -49.606274873822855
6 , 2 , 150.06973444614923
6 , 3 , 34.696934497960264
6 , 4 , 97.62047159283655
6 , 5 , 57.45052451022444
6 , 6 , 79.81815090348093
6 , 7 , 99.3682206410194
6 , 8 , -100.87381954401027
6 , 9 , -44.818871949923206
6 , 10 , 128.82627146454186
6 , 11 , 148.3144152879948
6 , 12 , 88.81401952480479
6 , 13 , 24.881663569497224
6 , 14 , 75.47967826081181
6 , 15 , -101.80022049035394
6 , 16 , -52.334170464625004
6 , 17 , 34.397713023941996
6 , 18 , -40.58098713150147
6 , 19 , -22.30625675426127
6 , 20 , -54.168431280827974
6 , 21 , 62.27637997590061
6 , 22 , 12.71505053702893
6 , 23 , 45.98741032510093
6 , 24 , -56.33961774349142
6 , 25 , -25.696475603790866
6 , 26 , 37.338423222485396
6 , 27 , 58.28897163774517
6 , 28 , 42.28743017336695
6 , 29 , 1.2107933496735228
6 , 30 , -26.555811150074287
6 , 31 , 64.74230334333197
6 , 32 , -10.130868338531917
6 , 33 , 31.621398655664958
6 , 34 , 47.04819066423408
6 , 35 , 183.53868365386649
6 , 36 , 83.71350257590555
6 , 37 , 42.56033770555268
6 , 38 , 77.4538445986969
6 , 39 , 36.83489162858141
6 , 40 , -18.455744874087316
6 , 41 , -56.79457487660743
6 , 42 , -68.22219011589867
6 , 43 , 62.72444627657155
6 , 44 , 81.72899554038055
6 , 45 , 148.29910386143354
6 , 46 , -2.1365022311709083
6 , 47 , 37.28807563338954
6 , 48 , 20.634788775340418
6 , 49 , 4.692355392063181
6 , 50 , 100.87402301928748
7 , 1 , -16.0662294017202
7 , 2 , -99.79803291164492
7 , 3 , 47.819854924122716
7 , 4 , -21.88206237058575
7 , 5 , 28.301449054400667
7 , 6 , -98.85325657334803
7 , 7 , 28.619076623489363
7 , 8 , -99.27580377365736
7 , 9 , -3.7573490661338553
7 , 10 , -32.551455433260195
7 , 11 , -49.784888315078646
7 , 12 , -129.95197060123297
7 , 13 , -66.00300874998649
7 , 14 , -203.57037986833163
7 , 15 , -56.8701050248885
7 , 16 , -75.44211311741414
7 , 17 , -52.52664640461214
7 , 18 , -98.31316358540394
7 , 19 , -300.72182443797317
7 , 20 , -91.26979845195116
7 , 21 , -75.46330272779616
7 , 22 , 122.44153471958
7 , 23 , -198.64433010131378
7 , 24 , -13.051432486149093
7 , 25 , -64.55727032134213
7 , 26 , -20.631331942918997
7 , 27 , -80.8766318586252
7 , 28 , -100.35433580664106
7 , 29 , -82.43407024456174
7 , 30 , -98.12564233421271
7 , 31 , -137.32847896273503
7 , 32 , 16.973910166549928
7 , 33 , -57.07032099689216
7 , 34 , -5.81097758948472
7 , 35 , 49.89885998649082
7 , 36 , -80.08568963253035
7 , 37 , 37.01162458789744
7 , 38 , 54.206837217003766
7 , 39 , -27.868758603571127
7 , 40 , 13.068623753391378
7 , 41 , 30.168415431945377
7 , 42 , 9.32950876235347
7 , 43 , -42.86755870730544
7 , 44 , 105.236403668103
7 , 45 , 26.796256483852552
7 , 46 , 50.70463554491086
7 , 47 , -64.15225372321645
7 , 48 , 43.61547364062485
7 , 49 , 41.16213697776013
7 , 50 , -13.185523982434706
8 , 1 , -50.8456295761972
8 , 2 , -13.272290415760166
8 , 3 , 19.13591872334715
8 , 4 , -47.8107427152638
8 , 5 , 42.26563983709491
8 , 6 , 89.57288750132412
8 , 7 , -19.93367463358997
8 , 8 , 29.649136251592584
8 , 9 , 16.026210545704245
8 , 10 , 101.73491965256851
8 , 11 , 67.71727811338188
8 , 12 , -57.24773416042872
8 , 13 , -53.60958029439394
8 , 14 , -14.516761211378633
8 , 15 , -87.48579840033179
8 , 16 , 6.14280914695046
8 , 17 , -42.461419671337715
8 , 18 , -62.542526195229
8 , 19 , -55.84459588554824
8 , 20 , -3.7846787119067766
8 , 21 , -64.01268578447265
8 , 22 , -93.04143365305632
8 , 23 , -38.36925138433316
8 , 24 , -14.93125662084277
8 , 25 , 18.01382058651061
8 , 26 , 56.314659957018534
8 , 27 , -6.776272650329073
8 , 28 , -53.321278559501685
8 , 29 , -52.89419980032125
8 , 30 , -27.15849868495534
8 , 31 , 16.430044924656983
8 , 32 , -83.06312423496466
8 , 33 , -64.7855790818489
8 , 34 , 83.85861938674914
8 , 35 , 20.39462764466214
8 , 36 , -54.32298456624767
8 , 37 , -40.7095146552487
8 , 38 , 20.196703178992344
8 , 39 , 4.9911889876443345
8 , 40 , -69.25214420071185
8 , 41 , -3.4806176040706625
8 , 42 , -63.47902623411409
8 , 43 , -13.811413350008108
8 , 44 , -27.65320893973881
8 , 45 , 78.21211072755675
8 , 46 , -14.085499868088519
8 , 47 , -76.02435471809983
8 , 48 , -88.32120509516865
8 , 49 , -96.90626705632157
8 , 50 , 0.8709141206696662
9 , 1 , 80.57531765093321
9 , 2 , 80.75373934211683
9 , 3 , 63.13589756798587
9 , 4 , -29.327451705157007
9 , 5 , 46.92878560636483
9 , 6 , 35.056854693256646
9 , 7 , -153.7343546373625
9 , 8 , 0.6638454962172187
9 , 9 , 182.52287830267719
9 , 10 , 22.245148436846726
9 , 11 , 20.698406670503182
9 , 12 , 75.56396231167312
9 , 13 , 11.18863210087395
9 , 14 , 58.38368521820141
9 , 15 , 56.19566184247437
9 , 16 , -59.33754265773568
9 , 17 , 77.52807558909407
9 , 18 , -76.46611692408771
9 , 19 , 74.03622300059126
9 , 20 , 122.61117017484123
9 , 21 , -111.03537574318037
9 , 22 , 69.47096185056932
9 , 23 , 79.65013259063429
9 , 24 , -51.59469161678308
9 , 25 , -8.014417797744635
9 , 26 , 92.75008224680863
9 , 27 , 37.24981112137282
9 , 28 , 75.77161230997332
9 , 29 , 105.79154385930207
9 , 30 , -56.08977652131423
9 , 31 , -8.139599360940721
9 , 32 , 64.29284125938132
9 , 33 , 60.68614166366316
9 , 34 , 63.155585362249376
9 , 35 , -91.7069850634979
9 , 36 , -30.9846671447323
9 , 37 , 117.73988622485737
9 , 38 , 121.46542425550625
9 , 39 , 1.521893902509961
9 , 40 , 64.96827829576785
9 , 41 , -8.578164007828114
9 , 42 , 24.78674493481919
9 , 43 , -63.604723893962685
9 , 44 , 14.286179410145987
9 , 45 , 2.014561491168352
9 , 46 , -114.84125625157006
9 , 47 , 192.6639522746159
9 , 48 , -31.411025829501227
9 , 49 , 81.48283702995587
9 , 50 , -67.74665953469382
10 , 1 , -28.239417540028334
10 , 2 , -26.637282728234
10 , 3 , 46.655005275376865
10 , 4 , -92.10578752148652
10 , 5 , -74.94951065924677
10 , 6 , -3.956129389505217
10 , 7 , -223.46215205276837
10 , 8 , -47.428986690419826
10 , 9 , -35.820452249942676
10 , 10 , -32.802084244679456
10 , 11 , -75.40995718611266
10 , 12 , -7.014102412002328
10 , 13 , -19.89682196914369
10 , 14 , 128.56302579140342
10 , 15 , -9.657805689134666
10 , 16 , 59.248969081199554
10 , 17 , -55.85702107061103
10 , 18 , -74.72656264428466
10 , 19 , -40.73187449939134
10 , 20 , -80.1818394056224
10 , 21 , -37.59975116704301
10 , 22 , -14.235811028406665
10 , 23 , -1.7456889046159836
10 , 24 , 10.898402554364115
10 , 25 , -113.91584657933754
10 , 26 , 77.46560534619123
10 , 27 , -51.45865673633621
10 , 28 , -74.81562336947826
10 , 29 , -132.3589002665041
10 , 30 , -60.563630622870654
10 , 31 , -87.97458630659163
10 , 32 , -85.38694879626019
10 , 33 , -12.111940592924965
10 , 34 , -63.623578500445205
10 , 35 , -35.86394986860762
10 , 36 , -101.24531986655501
10 , 37 , 15.284470939778384
10 , 38 , -129.15416438918348
10 , 39 , -76.35931305781673
10 , 40 , -58.330990321526734
10 , 41 , -192.88135127823588
10 , 42 , -5.438919421667857
10 , 43 , -1.5907727257123583
10 , 44 , -82.14675322483282
10 , 45 , -60.24024151159545
10 , 46 , 20.11298804912272
10 , 47 , 5.6138489352730705
10 , 48 , -168.89629264544718
10 , 49 , 2.170216437373779
10 , 50 , -61.259065606850506
11 , 1 , 32.396296011493085
11 , 2 , -16.382677880634002
11 , 3 , 64.58779142684087
11 , 4 , -108.4514336897674
11 , 5 , 51.10897953054767
11 , 6 , 28.43839729137899
11 , 7 , -65.58977909451926
11 , 8 , 26.76890300863962
11 , 9 , 57.07613328743472
11 , 10 , -25.242103908595706
11 , 11 , -39.753740090210364
11 , 12 , -2.755091639469733
11 , 13 , 12.146962047986216
11 , 14 , -45.649465984373236
11 , 15 , -20.727189950268613
11 , 16 , 11.32381021757482
11 , 17 , -14.881778967372382
11 , 18 , -0.22525440616045178
11 , 19 , 0.34951701601431534
11 , 20 , -8.52010999720061
11 , 21 , -68.8911882470064
11 , 22 , 80.60399046712187
11 , 23 , -35.67547749066247
11 , 24 , -32.46441327816739
11 , 25 , 52.820274132539225
11 , 26 , -30.25208856871651
11 , 27 , -14.379697042765468
11 , 28 , 88.68352324577863
11 , 29 , 57.48271623785497
11 , 30 , -32.85831444380828
11 , 31 , -141.76172924782472
11 , 32 , 86.19232687287467
11 , 33 , -75.63207876818137
11 , 34 , -10.927008481995943
11 , 35 , 101.68419844795224
11 , 36 , -25.017560915264376
11 , 37 , 29.515376090439073
11 , 38 , 152.7054774983793
11 , 39 , 0.7362138514235876
11 , 40 , -10.889626073309536
11 , 41 , 82.24873274885653
11 , 42 , 94.83309227159982
11 , 43 , -17.48426000445923
11 , 44 , 89.94005184922067
11 , 45 , 78.00911540701782
11 , 46 , 41.88519992003895
11 , 47 , 154.98800417958986
11 , 48 , 62.38817110332928
11 , 49 , -66.8098472251881
11 , 50 , 91.70364774032801
12 , 1 , -18.409847182286764
12 , 2 , 43.43596986495224
12 , 3 , -5.497700218404532
12 , 4 , 5.767537185741769
12 , 5 , 66.05201798787064
12 , 6 , 121.42106763127465
12 , 7 , 5.019402420935254
12 , 8 , 22.769956875791532
12 , 9 , 30.434609495057792
12 , 10 , -127.14530734267409
12 , 11 , 70.83980454923818
12 , 12 , 10.152027135666998
12 , 13 , -43.59134410050974
12 , 14 , 38.22818701741887
12 , 15 , -66.82932287369765
12 , 16 , -74.49636805125768
12 , 17 , 46.22637525955963
12 , 18 , -126.80452019706536
12 , 19 , -76.23545915978582
12 , 20 , -16.699300089572652
12 , 21 , -30.63517004778417
12 , 22 , -78.53830032505654
12 , 23 , 151.5024377885948
12 , 24 , -46.792171881888684
12 , 25 , -4.88382788913459
12 , 26 , 45.09001593550776
12 , 27 , -20.706118404450198
12 , 28 , 109.80899498641234
12 , 29 , -47.62822667076162
12 , 30 , -59.48101531502741
12 , 31 , 26.85996069210937
12 , 32 , 11.811883540564754
12 , 33 , -9.1674250026308
12 , 34 , 126.3235061720905
12 , 35 , -55.479820142464966
12 , 36 , -55.18163289574655
12 , 37 , 21.863882236091584
12 , 38 , 27.969716952718482
12 , 39 , 41.7799629340309
12 , 40 , -46.459615673148036
12 , 41 , 103.53808179528914
12 , 42 , 55.017213702881904
12 , 43 , 149.43781295627537
12 , 44 , -9.77266707188484
12 , 45 , 186.02149928443737
12 , 46 , -135.03333510466035
12 , 47 , 20.281579414335745
12 , 48 , 205.5842152572801
12 , 49 , 134.28955192386732
12 , 50 , -75.52232608472605
13 , 1 , -56.134218696283746
13 , 2 , -2.4867389425745636
13 , 3 , -57.28277985456238
13 , 4 , 87.39138320727737
13 , 5 , -45.73645141484043
13 , 6 , -68.82116183323546
13 , 7 , 24.630794753135618
13 , 8 , 94.09195728180626
13 , 9 , 107.16165387478664
13 , 10 , 69.71162243284044
13 , 11 , 8.994292786520463
13 , 12 , -109.02876536952235
13 , 13 , 56.64194678387898
13 , 14 , -144.4782812628306
13 , 15 , -27.84238321670319
13 , 16 , 18.128816202444717
13 , 17 , -157.0645305353803
13 , 18 , 22.60684815564941
13 , 19 , -117.63301164358175
13 , 20 , 78.6513645610465
13 , 21 , 31.689093108504025
13 , 22 , 124.99069597136354
13 , 23 , 27.760729890874867
13 , 24 , 124.83812399198345
13 , 25 , -21.606368906579743
13 , 26 , 16.188651364716215
13 , 27 , 74.60765797591566
13 , 28 , 2.1035692128951142
13 , 29 , 87.1066757285877
13 , 30 , 62.75626517926806
13 , 31 , -133.35962065297156
13 , 32 , 21.433456062016468
13 , 33 , 45.4459564289521
13 , 34 , -23.464767814019435
13 , 35 , -100.1586064678514
13 , 36 , 81.00074038015951
13 , 37 , 133.27260327617455
13 , 38 , 61.18409534459907
13 , 39 , 33.93745587740473
13 , 40 , -30.392686422694332
13 , 41 , 167.6351149664517
13 , 42 , -2.919834230774688
13 , 43 , -56.0806116540409
13 , 44 , -45.89663761424682
13 , 45 , -92.00129758187727
13 , 46 , 12.653442340063839
13 , 47 , -48.06877566147129
13 , 48 , -149.22711558778448
13 , 49 , -17.769107670661764
13 , 50 , 159.55097759703403
14 , 1 , 20.31070921204629
14 , 2 , -155.5257418507259
14 , 3 , -115.05898997511325
14 , 4 , -98.51688856951111
14 , 5 , -82.9829577228628
14 , 6 , -73.93060994511201
14 , 7 , 35.25547118646381
14 , 8 , 53.139272654267074
14 , 9 , -78.90622433867155
14 , 10 , -92.04340384812436
14 , 11 , -61.25941494439901
14 , 12 , -85.12697610506068
14 , 13 , -17.66633373729152
14 , 14 , 12.879987469213273
14 , 15 , -59.01285327441339
14 , 16 , 10.170878368902807
14 , 17 , -8.883154585291246
14 , 18 , 43.923430126616154
14 , 19 , 7.675683528789695
14 , 20 , -114.18204341278393
14 , 21 , 39.43429226616645
14 , 22 , 15.974433913682601
14 , 23 , -70.43078445353785
14 , 24 , -14.700739763757724
14 , 25 , -3.492065368171748
14 , 26 , -96.36034022738707
14 , 27 , -58.730581141022924
14 , 28 , -59.67337063557551
14 , 29 , 0.3672232000031128
14 , 30 , -42.11270002491378
14 , 31 , -72.4059200034057
14 , 32 , -30.896005206445697
14 , 33 , -121.18748221414005
14 , 34 , -60.65377922005345
14 , 35 , 32.83290738203141
14 , 36 , 4.313211062527424
14 , 37 , -7.330699337735693
14 , 38 , 9.950890291414503
14 , 39 , -35.51651462439037
14 , 40 , 36.84457432509391
14 , 41 , 27.83477004399976
14 , 42 , 57.078063541531115
14 , 43 , 44.04085421633895
14 , 44 , -15.369434537269916
14 , 45 , -68.4037259898039
14 , 46 , 0.6501415061958449
14 , 47 , 103.11640499897908
14 , 48 , 42.00774228502969
14 , 49 , -35.96696502872583
14 , 50 , 161.81340916425273
15 , 1 , -39.19726627280272
15 , 2 , 105.23028072598112
15 , 3 , -49.46962802988539
15 , 4 , 63.667868185565396
15 , 5 , 116.2228458929986
15 , 6 , -40.39599103571676
15 , 7 , 94.90473044906436
15 , 8 , -71.2281587220799
15 , 9 , 60.70281504793299
15 , 10 , 105.67436842674846
15 , 11 , -76.87624403360022
15 , 12 , 87.97871239681861
15 , 13 , 55.0109892640504
15 , 14 , 127.04726964086495
15 , 15 , 49.19974098058971
15 , 16 , 38.51235393132028
15 , 17 , -81.07842103858546
15 , 18 , 26.745491228377787
15 , 19 , 31.113414425090866
15 , 20 , 70.2052680367247
15 , 21 , 72.49324655163943
15 , 22 , 55.04472258465048
15 , 23 , 199.8662490896573
15 , 24 , 158.77006959803444
15 , 25 , 69.86464215429882
15 , 26 , 104.87100033415696
15 , 27 , 79.73493185237301
15 , 28 , 95.68634435602219
15 , 29 , 22.242863199444503
15 , 30 , 108.12624477041926
15 , 31 , 94.74634262944866
15 , 32 , -31.584284930438912
15 , 33 , 75.94302988231144
15 , 34 , -136.41687680729967
15 , 35 , -83.06756628769868
15 , 36 , 52.87315600089981
15 , 37 , 59.694223184124006
15 , 38 , -74.0398374553984
15 , 39 , 89.49644433979218
15 , 40 , 75.25132400274683
15 , 41 , -58.406668077255766
15 , 42 , 97.43203608651682
15 , 43 , 37.74661370924833
15 , 44 , -24.909341722394547
15 , 45 , 117.09588144495083
15 , 46 , 146.49031796378725
15 , 47 , -63.772785623236125
15 , 48 , -58.55553275561704
15 , 49 , -15.655359574787655
15 , 50 , -11.72820750134039
16 , 1 , 5.134287537208763
16 , 2 , -168.22331984350757
16 , 3 , -77.71747648798487
16 , 4 , -86.44100847642373
16 , 5 , 57.220192488230666
16 , 6 , -96.23797704503157
16 , 7 , -66.29441198969698
16 , 8 , 35.59993948562053
16 , 9 , -52.033200718130445
16 , 10 , -142.30703156947695
16 , 11 , 4.006235173908396
16 , 12 , 11.378090457799132
16 , 13 , -31.737455227062384
16 , 14 , -204.60605007801277
16 , 15 , -6.458436688121218
16 , 16 , -137.22494452766185
16 , 17 , -180.9626883340737
16 , 18 , -116.7546396742937
16 , 19 , -180.7081737371802
16 , 20 , 27.203841777412336
16 , 21 , -141.09560462164126
16 , 22 , -29.43964430221221
16 , 23 , -157.4121055107113
16 , 24 , -13.580012066981688
16 , 25 , -106.08350985296724
16 , 26 , 220.15150637064457
16 , 27 , -142.52376012944978
16 , 28 , -174.92265921754915
16 , 29 , 135.93555415252158
16 , 30 , -84.24016453466388
16 , 31 , -26.88909465926467
16 , 32 , -179.19561773365183
16 , 33 , -90.10479533248089
16 , 34 , -40.74990076668809
16 , 35 , -19.838677137840204
16 , 36 , 86.36286419696948
16 , 37 , -54.86650462254352
16 , 38 , -104.72331960309108
16 , 39 , -74.10694880443313
16 , 40 , -56.587024066168794
16 , 41 , 49.13922704708148
16 , 42 , 58.050389035133065
16 , 43 , -103.58369969042904
16 , 44 , 1.4194333429073325
16 , 45 , -160.6051785112015
16 , 46 , 94.76227598408282
16 , 47 , -55.5176587291778
16 , 48 , -111.61395538659698
16 , 49 , -47.6066989698689
16 , 50 , 7.155771194298015
17 , 1 , 17.091684093876566
17 , 2 , -4.031601615473104
17 , 3 , 60.05950849962374
17 , 4 , -58.184763626701866
17 , 5 , 25.158751896016256
17 , 6 , -82.36290763832648
17 , 7 , -69.64537841652364
17 , 8 , 2.4004313965248363
17 , 9 , -14.952237621773527
17 , 10 , 0.0259097450747372
17 , 11 , -26.585442709441523
17 , 12 , -36.82668912504132
17 , 13 , 24.5617636134614
17 , 14 , 145.42971228863007
17 , 15 , 83.51704068240984
17 , 16 , -29.492223528557865
17 , 17 , 12.612730954137472
17 , 18 , -74.84786130048188
17 , 19 , 37.33076698518912
17 , 20 , -5.348456904971485
17 , 21 , 155.2202972203385
17 , 22 , 6.523849059194557
17 , 23 , 145.90710579695292
17 , 24 , -14.48308919136211
17 , 25 , -31.03173649761038
17 , 26 , -19.949725873803633
17 , 27 , 28.226526137203926
17 , 28 , 34.60546342562988
17 , 29 , 131.47241316133858
17 , 30 , 96.99545197985785
17 , 31 , -42.35025555440073
17 , 32 , -83.02715668920519
17 , 33 , 118.00063942628812
17 , 34 , -31.345362866261343
17 , 35 , -40.06617792352291
17 , 36 , -31.366626804346794
17 , 37 , 19.98633544492856
17 , 38 , 68.38502466297271
17 , 39 , 96.99822669884622
17 , 40 , -90.79849177290387
17 , 41 , 1.4443803239627098
17 , 42 , -107.14665594088969
17 , 43 , 7.097628118821437
17 , 44 , -135.9298329833488
17 , 45 , -59.25305869224365
17 , 46 , -87.2388784687913
17 , 47 , -43.078001955844925
17 , 48 , -79.57550815476378
17 , 49 , 12.800229623926747
17 , 50 , 2.2625533100604844
18 , 1 , 14.628407629818351
18 , 2 , -4.2283131103656535
18 , 3 , -96.9298987378596
18 , 4 , -35.366988791549616
18 , 5 , 42.48337794812637
18 , 6 , -22.308548174185486
18 , 7 , -223.74670213100012
18 , 8 , -24.90510657275672
18 , 9 , 58.36277925276921
18 , 10 , -184.11171170915816
18 , 11 , 20.054957765459772
18 , 12 , 35.874833378766894
18 , 13 , -85.44472686061823
18 , 14 , -140.95714526484397
18 , 15 , 106.7746589589724
18 , 16 , -187.64000980911072
18 , 17 , -67.44582672140125
18 , 18 , -65.43809474386207
18 , 19 , -35.43700498107005
18 , 20 , 1.3255765726199336
18 , 21 , -160.06892851991248
18 , 22 , -24.96875688480837
18 , 23 , -6.029336025107922
18 , 24 , -37.01646020983014
18 , 25 , -163.50512697127365
18 , 26 , 102.13054059867717
18 , 27 , -101.87685976112813
18 , 28 , -109.08553090568806
18 , 29 , 78.1402802321743
18 , 30 , -196.20964398537316
18 , 31 , -68.89365753464202
18 , 32 , -85.71118735038608
18 , 33 , -87.91559439843205
18 , 34 , 55.58466236464747
18 , 35 , -96.90063221468263
18 , 36 , 99.88366881211529
18 , 37 , -68.55701199404429
18 , 38 , -51.09157458047322
18 , 39 , -149.5910067147604
18 , 40 , -163.47600730970254
18 , 41 , -114.10140873472267
18 , 42 , -28.541160431784228
18 , 43 , -104.22080024840497
18 , 44 , -182.28541548426736
18 , 45 , -50.328297565904705
18 , 46 , 43.19867642963114
18 , 47 , -85.17100826794402
18 , 48 , -214.19839271641726
18 , 49 , 167.71062597748394
18 , 50 , 57.86757601898368
19 , 1 , -94.96429578606595
19 , 2 , -152.04480767307365
19 , 3 , -66.74011139220408
19 , 4 , -15.073479706176641
19 , 5 , -63.990150127127905
19 , 6 , -137.78255719123467
19 , 7 , 110.78337827080131
19 , 8 , 51.49063865488239
19 , 9 , 18.31608441701659
19 , 10 , -90.32076064157151
19 , 11 , -50.84754676509011
19 , 12 , -94.80328372094453
19 , 13 , -28.782561313641136
19 , 14 , -121.69705849980618
19 , 15 , -21.512717714653537
19 , 16 , 11.072500491666098
19 , 17 , -98.69889089140896
19 , 18 , -16.391220161736122
19 , 19 , -36.09280554145509
19 , 20 , -76.90062310856213
19 , 21 , 55.15924953193333
19 , 22 , -24.3564474594044
19 , 23 , -73.54713347881582
19 , 24 , -62.409847293594794
19 , 25 , 58.544755182768526
19 , 26 , -45.515690774498545
19 , 27 , -39.69124578204169
19 , 28 , 12.923094058510806
19 , 29 , 14.562090407423874
19 , 30 , -68.16401510814272
19 , 31 , 6.212001120690822
19 , 32 , -48.230421483737715
19 , 33 , -70.23131095825566
19 , 34 , 2.366238486715778
19 , 35 , -26.016995881948468
19 , 36 , 93.26335385253185
19 , 37 , -27.941059668224106
19 , 38 , -6.046342100965219
19 , 39 , -22.67332617483517
19 , 40 , 43.71502273356112
19 , 41 , 141.00473039001355
19 , 42 , 22.945492899136617
19 , 43 , 100.59562318632452
19 , 44 , 31.634611180997354
19 , 45 , 23.210689534856783
19 , 46 , -122.6389200738921
19 , 47 , -11.372134422942066
19 , 48 , 94.54307243751836
19 , 49 , -30.795480881147473
19 , 50 , -129.66640077588522
20 , 1 , 69.90532208606848
20 , 2 , 105.35770355564101
20 , 3 , 20.51187146496804
20 , 4 , -54.53062045999832
20 , 5 , -48.02744846031644
20 , 6 , 39.21708198760389
20 , 7 , 110.84619357236801
20 , 8 , -13.887196722708872
20 , 9 , 49.51850152885074
20 , 10 , 75.72150353045882
20 , 11 , 129.60919837834095
20 , 12 , -13.051632411513754
20 , 13 , 33.90539197795174
20 , 14 , 134.5654392777052
20 , 15 , 44.63221839705211
20 , 16 , 118.51119364177629
20 , 17 , -64.5914596743229
20 , 18 , -117.44385234998754
20 , 19 , 14.286772726089952
20 , 20 , -46.060171996416415
20 , 21 , 57.78943980579741
20 , 22 , -42.63833910468062
20 , 23 , -31.094243544669453
20 , 24 , 79.28809882213136
20 , 25 , -1.7454598986248562
20 , 26 , 29.764260634175752
20 , 27 , -18.234964407794717
20 , 28 , 2.0132610640968522
20 , 29 , -69.6037904016122
20 , 30 , -17.988629610194963
20 , 31 , -39.67578080919672
20 , 32 , 83.52361695981517
20 , 33 , 4.735486127065082
20 , 34 , 90.79600417894072
20 , 35 , 136.71463488780748
20 , 36 , -34.63008883634011
20 , 37 , 30.64386219612704
20 , 38 , 59.37567571767447
20 , 39 , 13.179909903065653
20 , 40 , 6.812591577385522
20 , 41 , -90.19405928602869
20 , 42 , -25.623141726693273
20 , 43 , 167.67884190781302
20 , 44 , -13.33218983243527
20 , 45 , 87.90340955991566
20 , 46 , -80.48564527470577
20 , 47 , 102.75609251886762
20 , 48 , 103.43866406789046
20 , 49 , -129.46070704978197
20 , 50 , -34.01091283842037
21 , 1 , -125.649416978251
21 , 2 , -48.085805712137635
21 , 3 , -47.94829980485186
21 , 4 , 10.029670154592557
21 , 5 , -85.68019791428587
21 , 6 , 48.16684115701759
21 , 7 , -71.45069974468095
21 , 8 , 47.32085144331394
21 , 9 , 17.947055279427993
21 , 10 , 43.13580086214688
21 , 11 , -27.100907127846103
21 , 12 , 109.82445841818472
21 , 13 , 78.59229482589173
21 , 14 , 0.2990383579897309
21 , 15 , -61.69821361103248
21 , 16 , 208.47938931530453
21 , 17 , 6.357723131274023
21 , 18 , 65.75001775401472
21 , 19 , 35.52261753922625
21 , 20 , -14.774089367659105
21 , 21 , 16.802057696416043
21 , 22 , 40.636330431306384
21 , 23 , -63.65714052658495
21 , 24 , -101.21179167170676
21 , 25 , 67.71707099343581
21 , 26 , 1.1002957893031242
21 , 27 , -35.647244991723895
21 , 28 , 8.91292273683434
21 , 29 , 40.1566228188927
21 , 30 , 115.18599439215127
21 , 31 , 29.499092094522346
21 , 32 , -24.90892395804516
21 , 33 , -4.230500428714104
21 , 34 , -90.62901773391685
21 , 35 , 100.887099637881
21 , 36 , 101.12835551995339
21 , 37 , 81.18719338717499
21 , 38 , -119.16466600434379
21 , 39 , 42.71047865542198
21 , 40 , 50.15187147257945
21 , 41 , -36.94729750830027
21 , 42 , 183.14278205109562
21 , 43 , 99.34674820149328
21 , 44 , 106.70795548984916
21 , 45 , -34.485856910511615
21 , 46 , 69.67150793476169
21 , 47 , 38.487119925995664
21 , 48 , 70.74955158474916
21 , 49 , 36.513794712585295
21 , 50 , -49.48275317143508
22 , 1 , 97.30618656984913
22 , 2 , 38.47946813906756
22 , 3 , 43.65619699492555
22 , 4 , 89.42884834259274
22 , 5 , 45.796599669169645
22 , 6 , 38.11896175575143
22 , 7 , 271.40341709375343
22 , 8 , 44.55124878358421
22 , 9 , 49.10463907807804
22 , 10 , 69.05157748818299
22 , 11 , -62.36356371841442
22 , 12 , 16.145697284614585
22 , 13 , 120.84851651236734
22 , 14 , 69.90780122198609
22 , 15 , 63.57175755652433
22 , 16 , 104.53339567511426
22 , 17 , 110.40895307532351
22 , 18 , 159.74622222776395
22 , 19 , 206.77332971206283
22 , 20 , 121.99129134716753
22 , 21 , 226.73429532863213
22 , 22 , 46.79487449572079
22 , 23 , 72.23723536680964
22 , 24 , 135.7463247635667
22 , 25 , 273.35164491862133
22 , 26 , 1.7221166271465744
22 , 27 , 271.0734657209715
22 , 28 , 131.95544443882665
22 , 29 , 71.86216689542661
22 , 30 , 155.546220529015
22 , 31 , 120.8711524656023
22 , 32 , 144.3422302297889
22 , 33 , 202.98785501866072
22 , 34 , -128.9908277926567
22 , 35 , -4.40904839940921
22 , 36 , 31.868997072240226
22 , 37 , 45.967072588663584
22 , 38 , 106.29755850913999
22 , 39 , 135.3778043720644
22 , 40 , 226.14560822238127
22 , 41 , 256.7537423743103
22 , 42 , 36.88146568623838
22 , 43 , -3.955046437990756
22 , 44 , 136.3218963335237
22 , 45 , 69.52707378234794
22 , 46 , -31.931854281591292
22 , 47 , 43.66882240618159
22 , 48 , 76.0912138538637
22 , 49 , -23.229352100881066
22 , 50 , -14.580920565437417
23 , 1 , -21.60344911643856
23 , 2 , -50.44630238800708
23 , 3 , 50.11631405929264
23 , 4 , 23.980200843309635
23 , 5 , 45.93531843631215
23 , 6 , -38.734943626279524
23 , 7 , -55.500787403908234
23 , 8 , 101.47145146783208
23 , 9 , 95.76544265202122
23 , 10 , 79.95794506820135
23 , 11 , -20.916470146379417
23 , 12 , 6.402703222326164
23 , 13 , -40.512704092456424
23 , 14 , -60.44830987394307
23 , 15 , 16.732274942909882
23 , 16 , -4.885958808899115
23 , 17 , 10.045237916387265
23 , 18 , 56.03349714903806
23 , 19 , 0.8589578565062731
23 , 20 , -56.92169342033217
23 , 21 , -43.07128786953794
23 , 22 , 14.222439391923698
23 , 23 , -25.364974358215928
23 , 24 , -65.93340987333822
23 , 25 , 78.25169314603482
23 , 26 , -97.14180230605348
23 , 27 , 28.561112554924613
23 , 28 , 175.6017587140997
23 , 29 , 48.987313883895226
23 , 30 , -11.316588531231222
23 , 31 , -31.2650633368523
23 , 32 , 5.031136178312613
23 , 33 , -33.57282093457826
23 , 34 , -14.2147021655916
23 , 35 , 34.49662586391214
23 , 36 , -54.502291528757546
23 , 37 , -31.223782845419148
23 , 38 , 138.38201230441194
23 , 39 , 16.22114248438137
23 , 40 , 58.94554244997937
23 , 41 , 49.26114285680709
23 , 42 , 101.69175514554368
23 , 43 , -21.939446996729952
23 , 44 , 206.67763163281657
23 , 45 , 112.61738123301217
23 , 46 , 83.34618220747913
23 , 47 , 51.16851669012225
23 , 48 , 76.37865201652004
23 , 49 , -7.831249687876876
23 , 50 , -61.815630647046724
24 , 1 , 104.33830359095022
24 , 2 , -11.460730430541116
24 , 3 , -47.06213052025923
24 , 4 , -96.070142820641
24 , 5 , -81.90025286985781
24 , 6 , -27.175825750127867
24 , 7 , 2.101257413481365
24 , 8 , -76.37606392954856
24 , 9 , 183.97985441735693
24 , 10 , 16.18617529856835
24 , 11 , 70.50716198159546
24 , 12 , -67.34602077113666
24 , 13 , 31.465251961402572
24 , 14 , -62.27509309787307
24 , 15 , 51.90211287476945
24 , 16 , -89.81823392488809
24 , 17 , -30.2545852560799
24 , 18 , -60.35939833722337
24 , 19 , -57.77069030641347
24 , 20 , 22.262328571789105
24 , 21 , -246.80221333136245
24 , 22 , -26.39903040763031
24 , 23 , -62.001359362462566
24 , 24 , -99.16262719886602
24 , 25 , -96.04926971664143
24 , 26 , 39.06042391962967
24 , 27 , 79.11093457010375
24 , 28 , -67.70074191221997
24 , 29 , 42.2767789119924
24 , 30 , -63.72752502095437
24 , 31 , 68.55195946531316
24 , 32 , -0.7594722306022019
24 , 33 , 20.112893100809845
24 , 34 , 56.13185744072844
24 , 35 , 10.022127943104882
24 , 36 , 38.690051308448865
24 , 37 , -32.8078394411412
24 , 38 , 49.09253989416785
24 , 39 , -7.131407281366203
24 , 40 , -102.76011018183662
24 , 41 , -130.88830768134022
24 , 42 , -46.88606121895343
24 , 43 , -132.97539604360216
24 , 44 , 15.627805674252816
24 , 45 , 73.42783149443068
24 , 46 , -95.23685737406906
24 , 47 , -54.170555894189036
24 , 48 , -64.05573168064906
24 , 49 , 69.35751096307352
24 , 50 , 4.675074277679316
25 , 1 , -9.78347008131173
25 , 2 , 63.564781532095274
25 , 3 , 14.72096451320366
25 , 4 , -25.218876307594222
25 , 5 , -45.75226628263302
25 , 6 , 54.65392626539917
25 , 7 , -62.03356582195976
25 , 8 , -94.43743185153724
25 , 9 , 50.79078519308567
25 , 10 , -99.30817533601062
25 , 11 , 24.46553586645173
25 , 12 , -78.84353536786975
25 , 13 , 117.16763293079389
25 , 14 , 24.08973870632069
25 , 15 , 115.2099229001891
25 , 16 , -113.8309504113977
25 , 17 , -38.012655307334846
25 , 18 , -40.239705140755184
25 , 19 , -24.759578153236777
25 , 20 , -19.472489860966668
25 , 21 , -71.09739609888709
25 , 22 , -69.3356966639237
25 , 23 , 2.250206905930645
25 , 24 , -71.78444657038024
25 , 25 , -77.31606167972122
25 , 26 , 95.29972403156995
25 , 27 , 128.05690957141553
25 , 28 , -23.233100508156515
25 , 29 , 78.40397155180227
25 , 30 , -152.51111947648474
25 , 31 , 3.8593929550632113
25 , 32 , -20.118176726086222
25 , 33 , -17.251251105135736
25 , 34 , -47.10470459174758
25 , 35 , -99.77039856918478
25 , 36 , 33.068669584472396
25 , 37 , 100.20223174092483
25 , 38 , 81.85138233072334
25 , 39 , -12.552173487957806
25 , 40 , 43.816735414908464
25 , 41 , 76.9345210015916
25 , 42 , -60.27798656557638
25 , 43 , -8.23698369292926
25 , 44 , -8.74859792888908
25 , 45 , -97.77695105738553
25 , 46 , -181.89863800905135
25 , 47 , 132.11734503137205
25 , 48 , -65.2889090911191
25 , 49 , -11.528409859314756
25 , 50 , -131.11503960661074
26 , 1 , 72.53443621525702
26 , 2 , 29.60446880763127
26 , 3 , 81.7368764831159
26 , 4 , -42.349843764660264
26 , 5 , 8.083417805043029
26 , 6 , -168.1635872389369
26 , 7 , 111.4612751543222
26 , 8 , 73.87089793087885
26 , 9 , -82.10844719092461
26 , 10 , 4.684658424408144
26 , 11 , -81.24676581056971
26 , 12 , 119.89493152295205
26 , 13 , 87.09374790529266
26 , 14 , 92.92064734695249
26 , 15 , 174.65458018105673
26 , 16 , -62.445605084621405
26 , 17 , 48.90790877578917
26 , 18 , 113.7104157091366
26 , 19 , 153.30455747042808
26 , 20 , -10.395813466957234
26 , 21 , 114.6348552832223
26 , 22 , -26.931650243733372
26 , 23 , 6.07301042082878
26 , 24 , -22.283121390922297
26 , 25 , -38.329910030294194
26 , 26 , -75.83687471377915
26 , 27 , -29.72821344107097
26 , 28 , 242.39185772047725
26 , 29 , -87.14729373554015
26 , 30 , 48.00136894178529
26 , 31 , 10.03068799805106
26 , 32 , 19.918825913516734
26 , 33 , -93.51732062842132
26 , 34 , 18.816247912491363
26 , 35 , 48.8177861715591
26 , 36 , -49.564616166403766
26 , 37 , 33.59148002947817
26 , 38 , 59.21087661032361
26 , 39 , -14.294462380216986
26 , 40 , 54.20135988290915
26 , 41 , -7.162224335684099
26 , 42 , 38.97225305335702
26 , 43 , 103.08163166583219
26 , 44 , 36.46197522820425
26 , 45 , -64.70024943687821
26 , 46 , 6.541040288811397
26 , 47 , 30.702500099085725
26 , 48 , 126.04889316394811
26 , 49 , 33.99117896755946
26 , 50 , -66.61332824979388
27 , 1 , 26.67085629047524
27 , 2 , -152.1592922559699
27 , 3 , -75.1126369834594
27 , 4 , -59.18072822365748
27 , 5 , -124.5372637614259
27 , 6 , -169.9747543060246
27 , 7 , -14.570429121536716
27 , 8 , 30.899534326507816
27 , 9 , 0.6261275120268799
27 , 10 , -84.59305051951847
27 , 11 , -10.39822363703969
27 , 12 , 65.67995237252032
27 , 13 , -65.4455617676625
27 , 14 , -177.78412109787897
27 , 15 , 73.53851767926115
27 , 16 , -44.07366637421326
27 , 17 , -89.73107403133575
27 , 18 , -38.100347010361546
27 , 19 , 5.35685276238986
27 , 20 , -17.76832667607037
27 , 21 , -70.47122436540971
27 , 22 , -37.429888441865096
27 , 23 , -65.05157587671198
27 , 24 , -50.470966373833775
27 , 25 , -85.99611542139593
27 , 26 , -65.68676837059344
27 , 27 , -16.375052455866328
27 , 28 , -50.73015570527843
27 , 29 , -92.38620923072573
27 , 30 , 30.368230145804663
27 , 31 , -123.10818942286517
27 , 32 , 16.907795840482677
27 , 33 , -162.40890741263703
27 , 34 , -32.59218569118472
27 , 35 , -96.81671473356725
27 , 36 , -64.94592121500843
27 , 37 , -21.66207114023325
27 , 38 , -33.35054228604411
27 , 39 , -138.47591819953897
27 , 40 , -50.1701431566825
27 , 41 , 19.357109242853998
27 , 42 , -10.664543635770288
27 , 43 , -78.71003347292987
27 , 44 , -27.91205157754504
27 , 45 , -107.56545901755223
27 , 46 , 32.29978430316303
27 , 47 , -112.88787783077404
27 , 48 , -65.085877912709
27 , 49 , 31.989107116297767
27 , 50 , -114.63152830978119
28 , 1 , -135.1800666346484
28 , 2 , -77.62868972791755
28 , 3 , -33.21713095842766
28 , 4 , 65.31670367683948
28 , 5 , 47.882038963157456
28 , 6 , -55.704364871422946
28 , 7 , -57.46926460607021
28 , 8 , -40.198061966355894
28 , 9 , -89.21479715476006
28 , 10 , -56.83635615061898
28 , 11 , -23.20884009018865
28 , 12 , -10.555567071859407
28 , 13 , -64.03535115735869
28 , 14 , -82.25661910695784
28 , 15 , -39.9227915044291
28 , 16 , -91.76970305994313
28 , 17 , 2.6057234330645223
28 , 18 , -70.21833916336011
28 , 19 , -8.717219809178864
28 , 20 , -4.721099258829339
28 , 21 , -55.919572549243895
28 , 22 , -94.42363808629231
28 , 23 , -8.440472671679437
28 , 24 , 21.717041067442175
28 , 25 , 4.795235600696948
28 , 26 , -18.902725059912008
28 , 27 , -133.20694977942347
28 , 28 , -87.22914819674986
28 , 29 , -49.16600251897125
28 , 30 , 15.845612268854904
28 , 31 , -29.238549147841184
28 , 32 , -68.89123408005031
28 , 33 , 32.15356615930069
28 , 34 , -12.784189194634543
28 , 35 , -120.979569083069
28 , 36 , 10.84165830387959
28 , 37 , -119.0886412303833
28 , 38 , -89.92531738671047
28 , 39 , -136.36670428675538
28 , 40 , -31.640650991871254
28 , 41 , -34.9888156515415
28 , 42 , -50.13710801358971
28 , 43 , 32.764666039328525
28 , 44 , -3.038169884210796
28 , 45 , 85.91372603002297
28 , 46 , -23.94837949146411
28 , 47 , -51.80794697345297
28 , 48 , -83.53905803186943
28 , 49 , -32.64590686442174
28 , 50 , -30.791018651566453
29 , 1 , -42.683200676595874
29 , 2 , -91.77010978934388
29 , 3 , -45.22532247189145
29 , 4 , -90.67356085695556
29 , 5 , -19.712181445441722
29 , 6 , -159.66217424664927
29 , 7 , -99.88581682514263
29 , 8 , -3.5378223889254246
29 , 9 , -127.80315265637948
29 , 10 , -11.47906769165468
29 , 11 , -124.14109138092051
29 , 12 , -17.048329630200087
29 , 13 , -155.94077901057477
29 , 14 , 60.650741360909564
29 , 15 , -5.707821227584979
29 , 16 , -67.95715272391985
29 , 17 , -70.37595967539458
29 , 18 , 12.174562767646957
29 , 19 , -23.38671799028227
29 , 20 , -35.83396950044931
29 , 21 , 63.5094203341244
29 , 22 , -35.85250752156012
29 , 23 , 37.008979082551654
29 , 24 , 22.254010146128465
29 , 25 , -121.66698524792595
29 , 26 , -90.17306423028793
29 , 27 , -38.92751606877751
29 , 28 , 65.65542235258417
29 , 29 , 40.59091655158938
29 , 30 , 40.81674060319406
29 , 31 , -61.76443719956367
29 , 32 , -152.94200304800106
29 , 33 , 3.577695057593024
29 , 34 , 52.25284476958829
29 , 35 , -19.480029544572115
29 , 36 , 45.644714912263915
29 , 37 , -133.8612604600913
29 , 38 , -19.177649721672374
29 , 39 , -142.15631847267343
29 , 40 , -56.440310384032045
29 , 41 , -19.03664582903879
29 , 42 , -24.1085803128084
29 , 43 , -57.02434091380821
29 , 44 , -130.66314408316214
29 , 45 , -67.68775739307372
29 , 46 , 10.883263103835061
29 , 47 , 22.159591597910897
29 , 48 , -85.18151390031957
29 , 49 , -62.869494926866615
29 , 50 , 96.97194504963903
30 , 1 , -11.783557133998166
30 , 2 , -212.79557193361666
30 , 3 , -99.69419138024361
30 , 4 , 25.61898045558301
30 , 5 , 105.70291109142829
30 , 6 , -39.03070534089884
30 , 7 , -94.15072616061775
30 , 8 , -18.014087748106746
30 , 9 , -80.47962634040675
30 , 10 , -82.20688677809584
30 , 11 , -47.91748420250206
30 , 12 , 13.710956325713077
30 , 13 , -182.9319232292181
30 , 14 , -122.20831977401899
30 , 15 , -80.5076293182742
30 , 16 , -12.776775480023469
30 , 17 , 38.861428924428196
30 , 18 , 63.49131687249252
30 , 19 , -19.07881837055011
30 , 20 , -74.93542607763864
30 , 21 , -166.62484784069434
30 , 22 , -93.04301300908294
30 , 23 , -6.797761705564151
30 , 24 , 133.90272688908422
30 , 25 , -35.43767505741889
30 , 26 , 57.85888148232953
30 , 27 , -139.28730254107325
30 , 28 , 7.578091593628809
30 , 29 , -136.93388402017322
30 , 30 , -18.566903577099648
30 , 31 , -51.49369415545479
30 , 32 , -59.596964362545044
30 , 33 , 19.22824328797703
30 , 34 , -19.43409914819582
30 , 35 , -129.64775246053463
30 , 36 , -71.6151646139018
30 , 37 , -74.13795533593023
30 , 38 , -99.60801839504109
30 , 39 , -149.69531619911797
30 , 40 , -64.6214215478728
30 , 41 , -4.974985061550136
30 , 42 , -33.53421169968146
30 , 43 , -22.18416666291768
30 , 44 , -54.41033648851363
30 , 45 , 76.31442390513944
30 , 46 , 16.571303558753918
30 , 47 , -117.4477243774694
30 , 48 , -68.68071085624511
30 , 49 , 43.922318105589646
30 , 50 , -18.157714479715857
31 , 1 , -59.85828686042774
31 , 2 , -48.89336633011695
31 , 3 , -24.062819056415627
31 , 4 , -70.05951740691947
31 , 5 , -64.92639221679227
31 , 6 , -9.937327456697847
31 , 7 , -13.99128403224718
31 , 8 , 3.332352774549392
31 , 9 , 108.49521937450365
31 , 10 , 16.98133501488422
31 , 11 , -41.073450446166625
31 , 12 , 4.821491439661759
31 , 13 , -46.43749499803384
31 , 14 , 27.082154061512107
31 , 15 , -39.628661424860205
31 , 16 , 26.12129683457957
31 , 17 , 56.0197328657234
31 , 18 , -88.14590957553197
31 , 19 , -12.75587986392721
31 , 20 , 72.57552315107083
31 , 21 , 7.09569674528592
31 , 22 , 203.02098407476052
31 , 23 , -21.769194015322906
31 , 24 , -121.15388719039632
31 , 25 , -60.20401673171944
31 , 26 , -130.84717957699274
31 , 27 , -23.39030852314286
31 , 28 , 33.44349346385944
31 , 29 , 55.768994538411256
31 , 30 , 74.48866731709836
31 , 31 , -20.846093434075062
31 , 32 , 89.14291913641671
31 , 33 , -39.513600169320796
31 , 34 , -0.14427360860279226
31 , 35 , -17.574583887573006
31 , 36 , -24.556027243319157
31 , 37 , 41.03234182379393
31 , 38 , 71.58539957359267
31 , 39 , -1.4328430204946776
31 , 40 , 47.48651356439059
31 , 41 , -1.3865891967124782
31 , 42 , 214.04378184630485
31 , 43 , -22.008757764464363
31 , 44 , -1.7247126102639996
31 , 45 , -19.986494677491937
31 , 46 , -15.436010409574322
31 , 47 , 153.32542250463922
31 , 48 , 85.52836499106326
31 , 49 , -44.79976125213388
31 , 50 , -13.740763096593316
32 , 1 , 28.839915926479396
32 , 2 , -38.51198819835647
32 , 3 , 7.764280816365213
32 , 4 , 91.38404201815594
32 , 5 , 24.767796799820307
32 , 6 , 65.92246555697787
32 , 7 , 85.94628087640743
32 , 8 , 81.9522638006449
32 , 9 , -77.13004905848562
32 , 10 , 1.7352682833902278
32 , 11 , 92.601003492843
32 , 12 , 14.59127325558962
32 , 13 , -21.84437924528712
32 , 14 , -130.66489093228952
32 , 15 , -21.99749998846438
32 , 16 , 48.47045919258583
32 , 17 , 30.687107454323538
32 , 18 , 16.163404769522
32 , 19 , -26.29310840101269
32 , 20 , -127.86285432828068
32 , 21 , 33.01533554524425
32 , 22 , -59.06298449945686
32 , 23 , -40.91195267601092
32 , 24 , 66.21423717340686
32 , 25 , 36.34141554374542
32 , 26 , 47.1432949203709
32 , 27 , -31.604164473072412
32 , 28 , 26.838594303406396
32 , 29 , -36.69248244691392
32 , 30 , -65.19256008983639
32 , 31 , -10.253620515969601
32 , 32 , 96.27623543854732
32 , 33 , 37.54006065942785
32 , 34 , 38.20843439422781
32 , 35 , 95.08089235734818
32 , 36 , 8.970869779810426
32 , 37 , 10.310398271916357
32 , 38 , 22.05153058788597
32 , 39 , -43.57651990704287
32 , 40 , 20.22308583895652
32 , 41 , 86.69254231194333
32 , 42 , -80.0822918518173
32 , 43 , 45.52884688248081
32 , 44 , 70.83464321151922
32 , 45 , 27.817272176943508
32 , 46 , 82.6981712803395
32 , 47 , -45.58807086938267
32 , 48 , 45.18435532760415
32 , 49 , -23.39451762292062
32 , 50 , 33.84158459722977
33 , 1 , 109.07669391803825
33 , 2 , -0.35691934045715046
33 , 3 , -15.003474949532812
33 , 4 , -65.92876286167197
33 , 5 , 63.461932127338386
33 , 6 , 107.29595209454752
33 , 7 , 90.70805031781873
33 , 8 , -30.583734008881788
33 , 9 , -92.22938750035985
33 , 10 , -82.49392807045083
33 , 11 , 6.279461955628127
33 , 12 , 91.64315053001509
33 , 13 , 68.14194994851559
33 , 14 , -5.075445554847722
33 , 15 , -14.498775394626213
33 , 16 , 1.4088795875978946
33 , 17 , -35.5623817379535
33 , 18 , 34.70066279598692
33 , 19 , 174.90129305109875
33 , 20 , -90.79616063856119
33 , 21 , -72.53570375538916
33 , 22 , -89.03999421950752
33 , 23 , 17.072282834672983
33 , 24 , -36.510028232407734
33 , 25 , 147.20122763809275
33 , 26 , 127.57373511382835
33 , 27 , 152.2786903894925
33 , 28 , 59.944089195114856
33 , 29 , 13.903287291884016
33 , 30 , -90.09888923572406
33 , 31 , 154.76953198397445
33 , 32 , -10.461308380558252
33 , 33 , -43.087524332643056
33 , 34 , -147.49128714966832
33 , 35 , 164.7544583315194
33 , 36 , 12.076722285009216
33 , 37 , 61.571288897506975
33 , 38 , -26.254990254249684
33 , 39 , 187.07594988401684
33 , 40 , 18.384466131223114
33 , 41 , -4.157409229381575
33 , 42 , -7.481681024201419
33 , 43 , -23.12057014795052
33 , 44 , 75.1274486335952
33 , 45 , 80.9850005790917
33 , 46 , 104.71170716850574
33 , 47 , 37.528961092190194
33 , 48 , 167.6759225727863
33 , 49 , 33.066872213630255
33 , 50 , 13.4760032953793
34 , 1 , 81.24184287384202
34 , 2 , -107.52513372180874
34 , 3 , 4.045551003142758
34 , 4 , -38.66918461769184
34 , 5 , 14.590677314582479
34 , 6 , -90.21805116582226
34 , 7 , 75.86828730368282
34 , 8 , -94.07095292444829
34 , 9 , -23.95289537947018
34 , 10 , -61.08784098219684
34 , 11 , -95.48238161644062
34 , 12 , -99.3701270484195
34 , 13 , -69.06666947554973
34 , 14 , -212.78078932969706
34 , 15 , -30.908293210850992
34 , 16 , -33.95927489601558
34 , 17 , -106.59298356273031
34 , 18 , -16.163881381482025
34 , 19 , -93.91310685044459
34 , 20 , -17.245370979954522
34 , 21 , -95.21010590792133
34 , 22 , -53.637795496817894
34 , 23 , -46.60561042761301
34 , 24 , 188.32983131852654
34 , 25 , 52.72913596027016
34 , 26 , 29.803712884920554
34 , 27 , -129.92345895531258
34 , 28 , -124.16036709897752
34 , 29 , -216.32834240107485
34 , 30 , -96.00628193750943
34 , 31 , -40.790423222945115
34 , 32 , 67.65438937768091
34 , 33 , 66.5689448281662
34 , 34 , 49.60746640545129
34 , 35 , -113.82811993993094
34 , 36 , -95.52040162958063
34 , 37 , 19.885397154270475
34 , 38 , -160.81040524854367
34 , 39 , -6.809628431188154
34 , 40 , -123.3853904520022
34 , 41 , 18.039060846161483
34 , 42 , -66.85695378810092
34 , 43 , -135.11740418284495
34 , 44 , -286.16742332792114
34 , 45 , 57.45227891042903
34 , 46 , 49.71179521087691
34 , 47 , -220.41900157800006
34 , 48 , -68.89450632490284
34 , 49 , -28.207727747249535
34 , 50 , -67.79590138421628
35 , 1 , 73.57487564313803
35 , 2 , 46.69467206664947
35 , 3 , 3.96371560430966
35 , 4 , 86.76955229359596
35 , 5 , 37.62479855030181
35 , 6 , 69.02458744043169
35 , 7 , -38.203591189979164
35 , 8 , 48.274484724618326
35 , 9 , 127.1705955708042
35 , 10 , 58.190546305670544
35 , 11 , 38.64091239635374
35 , 12 , -66.73772494504149
35 , 13 , -70.11873572324289
35 , 14 , -59.031992785675
35 , 15 , -25.057122993645365
35 , 16 , -57.62300461015556
35 , 17 , 56.97572889032169
35 , 18 , -22.795885000980917
35 , 19 , -125.04761079236296
35 , 20 , 49.088913922958305
35 , 21 , -7.518309112967849
35 , 22 , 246.7382137181982
35 , 23 , 109.4894825599629
35 , 24 , 35.45740944372179
35 , 25 , -47.24794181514516
35 , 26 , 7.432215467330935
35 , 27 , 90.46974989419289
35 , 28 , 16.582025669631925
35 , 29 , 162.28714285867838
35 , 30 , 2.153068583262555
35 , 31 , -83.82085310738292
35 , 32 , 81.70109306571746
35 , 33 , 149.84683330942323
35 , 34 , 90.41302263254069
35 , 35 , 34.02746802405622
35 , 36 , 144.15773462759307
35 , 37 , 57.499972957614915
35 , 38 , 106.91705124681832
35 , 39 , 58.81302613651696
35 , 40 , -71.93016391057401
35 , 41 , 140.69848212641708
35 , 42 , -54.749946417370055
35 , 43 , -65.57373955306859
35 , 44 , 81.02242232040436
35 , 45 , -38.137153026561904
35 , 46 , -57.23315021202624
35 , 47 , 89.41526448785513
35 , 48 , -39.78252640012613
35 , 49 , 5.420540813718777
35 , 50 , 178.84883278591067
36 , 1 , 2.578617337734485
36 , 2 , 75.7749090423724
36 , 3 , -26.017500147608306
36 , 4 , 61.51489959461351
36 , 5 , 2.0755231674707235
36 , 6 , 105.78086983136086
36 , 7 , 58.24369915777142
36 , 8 , -107.58381522731263
36 , 9 , 110.85905332625735
36 , 10 , 107.32151296452952
36 , 11 , 2.856183724425091
36 , 12 , -62.534756857279554
36 , 13 , 101.29633108297331
36 , 14 , 42.59048921315689
36 , 15 , -7.305705825562068
36 , 16 , 67.46323889744049
36 , 17 , -2.358653161500115
36 , 18 , 20.20829412098558
36 , 19 , 3.990328022567686
36 , 20 , 68.91080423892619
36 , 21 , 7.369226446710611
36 , 22 , 160.62325604808223
36 , 23 , 141.54581418630673
36 , 24 , 101.30593329086001
36 , 25 , 93.72736885020984
36 , 26 , 24.056600743080715
36 , 27 , 68.86293755306805
36 , 28 , -14.205356922322538
36 , 29 , 94.64421457607315
36 , 30 , 35.477820645547474
36 , 31 , 21.76468995754452
36 , 32 , 88.82704458163639
36 , 33 , 60.592182874657254
36 , 34 , 38.07622985069629
36 , 35 , -95.62908451808816
36 , 36 , 117.01985861884323
36 , 37 , -88.10456057825135
36 , 38 , -58.99143000001688
36 , 39 , 31.619331176229807
36 , 40 , 33.66694837159531
36 , 41 , 91.7716936511553
36 , 42 , -70.92642595276291
36 , 43 , 3.4302111285417927
36 , 44 , -119.7741373663192
36 , 45 , 67.77660063895489
36 , 46 , 28.937737954091702
36 , 47 , 26.358331641018356
36 , 48 , -39.023878558158444
36 , 49 , -104.74066694834357
36 , 50 , 0.21426933460907094
37 , 1 , 41.120360514050056
37 , 2 , -71.14453256511179
37 , 3 , 65.28741738580909
37 , 4 , 64.03872920279201
37 , 5 , 37.575062149964346
37 , 6 , -2.7621270900498893
37 , 7 , -89.94772422597252
37 , 8 , 64.9708769902885
37 , 9 , -0.16918422109686926
37 , 10 , -12.77511247279523
37 , 11 , -6.997622410242581
37 , 12 , 132.75262016903162
37 , 13 , -71.66152315481105
37 , 14 , -140.1161773683251
37 , 15 , 75.28528975736828
37 , 16 , -8.860241744041392
37 , 17 , -24.063030627348112
37 , 18 , -10.433711887498625
37 , 19 , 102.93808281413901
37 , 20 , -111.8501812642396
37 , 21 , -53.61517346831567
37 , 22 , -32.12582410427926
37 , 23 , 21.524227127527972
37 , 24 , 49.5091142799898
37 , 25 , 167.9231670573941
37 , 26 , 57.32476036665657
37 , 27 , -25.212640344175124
37 , 28 , 60.18906021707903
37 , 29 , -25.03746081973778
37 , 30 , -136.50626264522515
37 , 31 , -15.99241365054508
37 , 32 , 30.218341104195627
37 , 33 , -30.1974168374736
37 , 34 , -3.730689780826716
37 , 35 , 72.41050197728205
37 , 36 , 0.32110179438976694
37 , 37 , 108.35344144073052
37 , 38 , -15.084054667367853
37 , 39 , -64.71882914442662
37 , 40 , 33.97380476180094
37 , 41 , 12.327506321905371
37 , 42 , 9.225571217514693
37 , 43 , 46.33324649234782
37 , 44 , 15.441842495586428
37 , 45 , 42.45908706548216
37 , 46 , 116.83681288991346
37 , 47 , -0.30847834953455855
37 , 48 , 63.68725594322982
37 , 49 , 1.9813604675304588
37 , 50 , -150.86079233707454
38 , 1 , 49.97970248019143
38 , 2 , 63.73724936666905
38 , 3 , 6.845119623372203
38 , 4 , -40.601900122537124
38 , 5 , 44.790406703856114
38 , 6 , 38.30910270602653
38 , 7 , -5.21609459631801
38 , 8 , 61.538857403212496
38 , 9 , -10.137640813495896
38 , 10 , -26.069439365006097
38 , 11 , 110.53441810984621
38 , 12 , 191.63484416901247
38 , 13 , 13.227160737745134
38 , 14 , -61.285458732058004
38 , 15 , 74.90959488196401
38 , 16 , -35.163751553944316
38 , 17 , -71.36518738349895
38 , 18 , -74.57896554351318
38 , 19 , 7.802849487157912
38 , 20 , -53.232216011008056
38 , 21 , -32.57606914406139
38 , 22 , -76.3928343864721
38 , 23 , 130.79907295236202
38 , 24 , -75.15681176025288
38 , 25 , 22.988251491607393
38 , 26 , 18.08914658773429
38 , 27 , 27.37643192708973
38 , 28 , 77.52803578517445
38 , 29 , -22.261421272056154
38 , 30 , -17.603492196416788
38 , 31 , 79.78027858486811
38 , 32 , -9.284568221792572
38 , 33 , 11.482050440171944
38 , 34 , -19.0653763382643
38 , 35 , 135.68053367491956
38 , 36 , 72.56556258520729
38 , 37 , 40.124461367342704
38 , 38 , 13.11392214192364
38 , 39 , 6.4302808574843
38 , 40 , -99.10553518579053
38 , 41 , -64.70461766492474
38 , 42 , -13.039086198174685
38 , 43 , -22.01743857470079
38 , 44 , -55.16913411387246
38 , 45 , 101.42214790378053
38 , 46 , 52.676516908988305
38 , 47 , -43.867304819990224
38 , 48 , 23.16296609434456
38 , 49 , 48.91060879226458
38 , 50 , 111.59523266248793
39 , 1 , -12.396238261254272
39 , 2 , 103.31798030805805
39 , 3 , -27.0554383941155
39 , 4 , 101.88351530344433
39 , 5 , 27.596980458875873
39 , 6 , 37.1156357548854
39 , 7 , 80.2480729514294
39 , 8 , 49.36111059685168
39 , 9 , 52.63765062288426
39 , 10 , -53.45355931683731
39 , 11 , -15.636632897874069
39 , 12 , -100.71491242968449
39 , 13 , 13.850667185868563
39 , 14 , 53.62126904466963
39 , 15 , -54.226920123329556
39 , 16 , 46.86767284807402
39 , 17 , 118.15453959757967
39 , 18 , 21.866630278610902
39 , 19 , -95.07976292184199
39 , 20 , 94.32235400792347
39 , 21 , 68.62110658454499
39 , 22 , 117.16560128439231
39 , 23 , 37.81816676188763
39 , 24 , -74.27768263098949
39 , 25 , 101.01631221120067
39 , 26 , -103.46507880914358
39 , 27 , -16.038574568242915
39 , 28 , -106.44548945218497
39 , 29 , -24.356476212343907
39 , 30 , 105.67953829555096
39 , 31 , -56.24780234101869
39 , 32 , 167.09550107663773
39 , 33 , 48.69438335266888
39 , 34 , -55.05217594874738
39 , 35 , -112.81901606528359
39 , 36 , -47.78056284611082
39 , 37 , -74.14536481014531
39 , 38 , 4.127090985203507
39 , 39 , 15.202872430384518
39 , 40 , 71.55981522125971
39 , 41 , 82.9597207517831
39 , 42 , -101.77357429399052
39 , 43 , 31.009387433170044
39 , 44 , 126.23184565108029
39 , 45 , -12.022760401522003
39 , 46 , -96.41067176347246
39 , 47 , 66.40038490891125
39 , 48 , -16.32740740821422
39 , 49 , -57.66413030213425
39 , 50 , 20.086221123007252
40 , 1 , 27.426852038344727
40 , 2 , -53.23590445918188
40 , 3 , 76.24212948016792
40 , 4 , 35.544794342752276
40 , 5 , 60.422342640800686
40 , 6 , -45.11277309588296
40 , 7 , 21.22510296220849
40 , 8 , -53.874031307107515
40 , 9 , -43.48693644491463
40 , 10 , 102.72063729215678
40 , 11 , -140.68727669043244
40 , 12 , -6.06916144188918
40 , 13 , -63.46058640454075
40 , 14 , 25.437293090459676
40 , 15 , -4.129621270038862
40 , 16 , -115.30278549910906
40 , 17 , -56.26308838017057
40 , 18 , -44.758444939492186
40 , 19 , -76.01757995751933
40 , 20 , -35.22129185866312
40 , 21 , -62.51296309750767
40 , 22 , 25.285455181892655
40 , 23 , 110.11337731135349
40 , 24 , 46.540057257775594
40 , 25 , -10.312788170825968
40 , 26 , -33.60541908800422
40 , 27 , 70.6007413531453
40 , 28 , 24.540103985732067
40 , 29 , 17.864855733366994
40 , 30 , 1.5975681396408286
40 , 31 , 115.12950809307321
40 , 32 , -108.01171435398419
40 , 33 , 136.79395006313678
40 , 34 , 23.797718471463263
40 , 35 , -133.79971776103375
40 , 36 , -66.25867248021966
40 , 37 , -85.19438102638955
40 , 38 , -66.99964204179412
40 , 39 , 46.932783812507914
40 , 40 , 66.99702289768392
40 , 41 , -91.61039109808898
40 , 42 , -35.44977394884117
40 , 43 , -79.0323535339956
40 , 44 , -218.6251630146578
40 , 45 , 67.13131504846572
40 , 46 , 27.977033801810126
40 , 47 , -108.4498389091293
40 , 48 , -31.569530821791098
40 , 49 , 8.839416476207473
40 , 50 , -1.0654701221201126
41 , 1 , 46.166073386744465
41 , 2 , 16.069753621014513
41 , 3 , 75.29309779982813
41 , 4 , 5.327914319645384
41 , 5 , 173.67546741788817
41 , 6 , -129.4619646646874
41 , 7 , 117.6948613033859
41 , 8 , -10.12529954737272
41 , 9 , -83.32225512229944
41 , 10 , 11.427875529151374
41 , 11 , -50.7617712447684
41 , 12 , 44.64537547850397
41 , 13 , 48.98812201346811
41 , 14 , 3.385190946859364
41 , 15 , 80.19557529075588
41 , 16 , 107.68897665231042
41 , 17 , -61.40790433097985
41 , 18 , 122.20045074548463
41 , 19 , -15.826803525532268
41 , 20 , -59.48658323240938
41 , 21 , 127.11065776081718
41 , 22 , -28.105139126712782
41 , 23 , -17.091764155716614
41 , 24 , 110.8428336534307
41 , 25 , 27.394158806604825
41 , 26 , 38.06030264432202
41 , 27 , -44.776940542540096
41 , 28 , 99.72992717532338
41 , 29 , 4.955164268457367
41 , 30 , 110.09139340024669
41 , 31 , 14.496229189291574
41 , 32 , 3.2611076985555334
41 , 33 , 9.984843424737381
41 , 34 , -79.69574099631188
41 , 35 , 160.42522557718274
41 , 36 , -53.437786691002565
41 , 37 , 24.41320899689085
41 , 38 , 26.933366483004114
41 , 39 , 86.56358753177528
41 , 40 , 34.67858483126136
41 , 41 , 19.807900483903275
41 , 42 , -14.295037187028814
41 , 43 , 14.13139148670052
41 , 44 , 2.902793306868857
41 , 45 , 61.607761074854004
41 , 46 , 140.5972332748734
41 , 47 , -71.0595814837221
41 , 48 , 113.62645437527809
41 , 49 , 3.669964623961989
41 , 50 , 49.46332753458912
42 , 1 , 90.2697148733588
42 , 2 , -19.875580514222836
42 , 3 , -63.21079057299397
42 , 4 , -192.92654980576128
42 , 5 , 78.23338811951528
42 , 6 , -87.7495024778429
42 , 7 , 121.09261150651562
42 , 8 , -100.79381735176881
42 , 9 , 87.18301145353281
42 , 10 , -31.963750820070242
42 , 11 , 51.46347685111489
42 , 12 , -96.98914927895225
42 , 13 , -29.866373762383454
42 , 14 , 0.746402966484923
42 , 15 , 3.252356160757653
42 , 16 , -20.81312608126914
42 , 17 , 59.91919177444897
42 , 18 , -69.61053221240837
42 , 19 , -114.94418366296132
42 , 20 , 48.663524044190595
42 , 21 , -22.569762281606714
42 , 22 , -33.96747206536906
42 , 23 , -19.541169197601242
42 , 24 , -7.235149611726902
42 , 25 , -80.14265653358875
42 , 26 , 39.06866982477574
42 , 27 , -25.317596525837693
42 , 28 , -44.249015231582874
42 , 29 , 26.79623773659917
42 , 30 , 6.74420562871272
42 , 31 , 122.92379271831547
42 , 32 , 35.24310203697615
42 , 33 , 23.356101847979154
42 , 34 , 54.113509674472695
42 , 35 , 6.9722173069535955
42 , 36 , 6.6546685713934615
42 , 37 , 0.4713232523974895
42 , 38 , 99.61127372501802
42 , 39 , 24.947925145258672
42 , 40 , -5.130620666969435
42 , 41 , 5.852405304078356
42 , 42 , -96.36790880564232
42 , 43 , -30.253013354986713
42 , 44 , 34.43949697619665
42 , 45 , 44.470419132044896
42 , 46 , -61.78274975453201
42 , 47 , -40.789901891708176
42 , 48 , 3.8281803314360943
42 , 49 , 71.19027684977175
42 , 50 , 13.803217427694875
43 , 1 , 1.5863724550266567
43 , 2 , 43.311309816273216
43 , 3 , 112.38883586972186
43 , 4 , 55.25115920394949
43 , 5 , 26.56867258000371
43 , 6 , 135.41863312426136
43 , 7 , -6.935993667683345
43 , 8 , -114.08055455267888
43 , 9 , -9.561959544347793
43 , 10 , 132.32519518320967
43 , 11 , 50.73933167465146
43 , 12 , -88.68345831221913
43 , 13 , 79.64228121111948
43 , 14 , 91.2333987223916
43 , 15 , -14.930326442642182
43 , 16 , 51.74077269430605
43 , 17 , 77.33911916134443
43 , 18 , 41.009033952716486
43 , 19 , -73.03290271875926
43 , 20 , 53.36600587101392
43 , 21 , -27.691306016105056
43 , 22 , 89.30547908820633
43 , 23 , 25.40907248491285
43 , 24 , 31.005883389154675
43 , 25 , -25.16266837619116
43 , 26 , -116.44121607416857
43 , 27 , -63.25267607065514
43 , 28 , -91.88686997108367
43 , 29 , -42.959617807148
43 , 30 , 54.58185902222421
43 , 31 , 16.593857451196758
43 , 32 , 155.34282055991054
43 , 33 , 28.174755198791395
43 , 34 , 66.87513636358116
43 , 35 , 18.505896035949082
43 , 36 , -16.927082988947536
43 , 37 , -10.487231141104242
43 , 38 , -116.32219986679665
43 , 39 , 117.20687721329166
43 , 40 , -45.56551973967289
43 , 41 , -82.81886730701447
43 , 42 , -78.63169090346108
43 , 43 , 52.549486361757
43 , 44 , -147.2552699009345
43 , 45 , -46.14474177006696
43 , 46 , -25.080125590855737
43 , 47 , -33.15509338797841
43 , 48 , 57.27732686472453
43 , 49 , -124.82834965171142
43 , 50 , -66.66745845115983
44 , 1 , -31.88735046493214
44 , 2 , 164.69761110991973
44 , 3 , -99.43506652871972
44 , 4 , 170.00716596728762
44 , 5 , 162.95728185704343
44 , 6 , 15.61264489330884
44 , 7 , 91.01905920622484
44 , 8 , -5.907088729210139
44 , 9 , 11.27178623080598
44 , 10 , 35.93528090474835
44 , 11 , 41.58698808722073
44 , 12 , -1.2491319198158148
44 , 13 , -50.641217207476544
44 , 14 , -5.64492858314463
44 , 15 , -35.23519313998788
44 , 16 , 12.179146818778888
44 , 17 , 0.7042332550629737
44 , 18 , 121.42935203680213
44 , 19 , 23.206575066337688
44 , 20 , -8.972880989610175
44 , 21 , 109.42690518891102
44 , 22 , 101.24348254898727
44 , 23 , 127.77912732908855
44 , 24 , 108.05280581252464
44 , 25 , 69.75907422385704
44 , 26 , 30.612076727825038
44 , 27 , 50.311913154462964
44 , 28 , 38.93912172102986
44 , 29 , 55.08244397221353
44 , 30 , -33.88576375890828
44 , 31 , 168.75374596444013
44 , 32 , 6.040336155486704
44 , 33 , 36.684236001907486
44 , 34 , -133.17491524688774
44 , 35 , 87.27820617432194
44 , 36 , 205.28601984386646
44 , 37 , 56.300552176358686
44 , 38 , -9.78576153755543
44 , 39 , 75.94712383197059
44 , 40 , 61.48243136519039
44 , 41 , 23.504700535148988
44 , 42 , -54.93836296937755
44 , 43 , 50.247943650641886
44 , 44 , 135.72975255120224
44 , 45 , -8.163626370788549
44 , 46 , 103.23036398183811
44 , 47 , 5.650732605940006
44 , 48 , 18.571150371980295
44 , 49 , 40.16469188134826
44 , 50 , 152.187923484765
45 , 1 , 70.39657154845918
45 , 2 , 40.012741779431394
45 , 3 , 57.928315020216424
45 , 4 , 43.818883734694765
45 , 5 , 4.734997304747146
45 , 6 , 18.770397007263565
45 , 7 , 87.78160473437919
45 , 8 , -20.779824190251098
45 , 9 , -79.23063612179283
45 , 10 , -35.01288266546721
45 , 11 , -48.013283608625436
45 , 12 , 10.098562818023948
45 , 13 , 49.22065740297706
45 , 14 , 30.597951400155097
45 , 15 , 32.31598857156677
45 , 16 , 3.2504485316148397
45 , 17 , 34.3780713180129
45 , 18 , 52.3821851615137
45 , 19 , 101.1386975728231
45 , 20 , 114.21236334422001
45 , 21 , -63.27868173021287
45 , 22 , -42.07859084189966
45 , 23 , -54.693700277311144
45 , 24 , 118.7522083664704
45 , 25 , 51.94323976527335
45 , 26 , 107.36237009827748
45 , 27 , 28.361867230962623
45 , 28 , -120.19228236936044
45 , 29 , -2.7297753485275598
45 , 30 , 90.94821731029504
45 , 31 , 11.419906368400019
45 , 32 , -71.23753772983873
45 , 33 , 86.17953318625277
45 , 34 , -25.36731178328982
45 , 35 , -20.96545317738378
45 , 36 , -60.43601159319991
45 , 37 , 97.65094341446483
45 , 38 , -26.22987969826726
45 , 39 , 138.48625750493605
45 , 40 , 42.74204545269578
45 , 41 , -111.05934756678684
45 , 42 , 77.56384324078084
45 , 43 , -32.90618590666691
45 , 44 , 64.23523058531963
45 , 45 , 21.583250478394305
45 , 46 , -15.821344431823418
45 , 47 , -70.03555146062295
45 , 48 , 35.54255159664995
45 , 49 , 94.15122535609844
45 , 50 , 37.80098826307489
46 , 1 , 49.27231765298548
46 , 2 , 57.34717051994727
46 , 3 , -4.457196261706747
46 , 4 , 47.256526347669386
46 , 5 , 23.63957969725406
46 , 6 , 0.9855117839229428
46 , 7 , -58.84681228341022
46 , 8 , 78.8724085835535
46 , 9 , 134.9045411537973
46 , 10 , 90.84515662453619
46 , 11 , 55.96979330239297
46 , 12 , 52.36021129822861
46 , 13 , -66.35381570475177
46 , 14 , -15.034659599424533
46 , 15 , -9.591193779457187
46 , 16 , 68.33553081097115
46 , 17 , -47.913354166466355
46 , 18 , -28.15743783659758
46 , 19 , 8.509915806031877
46 , 20 , 82.2444999705394
46 , 21 , 79.49057208911817
46 , 22 , 116.01195307942452
46 , 23 , 69.85617128171235
46 , 24 , -51.052459441295305
46 , 25 , 122.06254136759107
46 , 26 , -95.13670971400748
46 , 27 , 43.7579077958737
46 , 28 , -69.65548624391978
46 , 29 , 169.83451552727882
46 , 30 , 32.75795654041866
46 , 31 , 70.54475840924505
46 , 32 , -37.19535520614734
46 , 33 , -2.6202775152392337
46 , 34 , 61.3659975347653
46 , 35 , -49.787277276544806
46 , 36 , 94.3322466304914
46 , 37 , -9.35069843179862
46 , 38 , -9.722534057722644
46 , 39 , 124.16152473783582
46 , 40 , 110.29984984550964
46 , 41 , 106.5571014818864
46 , 42 , 51.304881147128356
46 , 43 , -135.9490849015593
46 , 44 , 47.785604103229446
46 , 45 , -46.26024953382767
46 , 46 , 113.62895248491247
46 , 47 , -25.082242317960766
46 , 48 , 30.912361109118805
46 , 49 , 61.67600310241482
46 , 50 , -2.8315624465376423
47 , 1 , -54.54594177452105
47 , 2 , 40.67481757281847
47 , 3 , 36.96552016987513
47 , 4 , 2.2959212567204026
47 , 5 , -88.99650117211436
47 , 6 , -8.709816306775254
47 , 7 , -113.36920472611732
47 , 8 , -18.954471470620156
47 , 9 , 26.788291255333142
47 , 10 , -150.70709757665387
47 , 11 , 0.43946327061100543
47 , 12 , -6.701720783453426
47 , 13 , -66.81391185778979
47 , 14 , -132.61585870505604
47 , 15 , 46.68568389532337
47 , 16 , 12.14794670002377
47 , 17 , -74.53417141976625
47 , 18 , -31.599934827395916
47 , 19 , 104.58776126927401
47 , 20 , -8.010008716093195
47 , 21 , -54.37741140633385
47 , 22 , -67.51776997710371
47 , 23 , -108.02117675636347
47 , 24 , -68.76610685600792
47 , 25 , -24.314838715822713
47 , 26 , -33.36988550730536
47 , 27 , -162.97672178347776
47 , 28 , -74.31849970400704
47 , 29 , -0.5070142362212818
47 , 30 , -13.455897038085082
47 , 31 , -109.67662310129872
47 , 32 , 49.67371716627103
47 , 33 , -0.2850642293958574
47 , 34 , 53.25941436938533
47 , 35 , -29.80184244643161
47 , 36 , -21.79064965950921
47 , 37 , -92.56980403882898
47 , 38 , -75.02206716683176
47 , 39 , -58.191920133498726
47 , 40 , -54.126069568546505
47 , 41 , -37.430658237141564
47 , 42 , 56.568182935327805
47 , 43 , -32.49516678969351
47 , 44 , -133.70270331468691
47 , 45 , -52.93890889313562
47 , 46 , 74.50517268398775
47 , 47 , -13.88501119280957
47 , 48 , 51.3450680006754
47 , 49 , 80.28606203410821
47 , 50 , -99.92625305303939
48 , 1 , -54.85762937048692
48 , 2 , -19.529092597364986
48 , 3 , -44.62914053474968
48 , 4 , -17.861209812141713
48 , 5 , -27.600615033953687
48 , 6 , 51.35559531314749
48 , 7 , -121.14093724371982
48 , 8 , -28.053109975123803
48 , 9 , 13.207051499081857
48 , 10 , -69.11124167039456
48 , 11 , 86.22090231276333
48 , 12 , -8.799952387751306
48 , 13 , -38.69111527817986
48 , 14 , 72.83259641867748
48 , 15 , -66.44178682596493
48 , 16 , -59.034865784923966
48 , 17 , -1.9650452366873523
48 , 18 , 39.49418730916803
48 , 19 , -29.106005043065203
48 , 20 , -43.61809683377662
48 , 21 , -62.5535913803962
48 , 22 , -30.3662263494804
48 , 23 , 0.4477363453335004
48 , 24 , -62.82729260475937
48 , 25 , -64.48156668024414
48 , 26 , 65.26683350444972
48 , 27 , -42.696997829119944
48 , 28 , -1.5506158114587478
48 , 29 , -37.28300183606053
48 , 30 , -184.9703834158455
48 , 31 , -8.823483277719214
48 , 32 , -70.46150143793541
48 , 33 , -177.35333005543058
48 , 34 , -5.184087919258387
48 , 35 , 25.13065359777991
48 , 36 , -26.202532303631436
48 , 37 , 61.023650682286274
48 , 38 , 63.080105776991836
48 , 39 , -93.39083747741455
48 , 40 , -107.61994267293237
48 , 41 , -60.59522738681729
48 , 42 , -15.170607901701072
48 , 43 , 11.561428507181775
48 , 44 , -49.93941115147787
48 , 45 , -9.309522282855418
48 , 46 , -154.08987412059273
48 , 47 , 73.91452554607488
48 , 48 , -109.31935008903943
48 , 49 , -37.58717642607858
48 , 50 , 5.100895182206555
49 , 1 , -61.95347689665534
49 , 2 , 4.915939356203485
49 , 3 , -50.43439516662374
49 , 4 , 24.525946232922255
49 , 5 , 15.102815221233712
49 , 6 , -129.15424353510502
49 , 7 , -33.46482224657278
49 , 8 , 44.68635584695483
49 , 9 , -58.15339581356707
49 , 10 , -91.6224746446575
49 , 11 , -42.5191144505855
49 , 12 , -60.153830930430374
49 , 13 , -31.39852405490946
49 , 14 , 60.60127152114303
49 , 15 , -3.578816186621248
49 , 16 , -153.85802376653862
49 , 17 , -128.6953914105511
49 , 18 , -37.812141359443515
49 , 19 , -67.31460090254127
49 , 20 , -37.4142336229757
49 , 21 , -79.36887027300305
49 , 22 , 21.923797968818274
49 , 23 , -55.46472226816884
49 , 24 , -111.3870039836646
49 , 25 , -109.26987268141735
49 , 26 , -17.36116148793184
49 , 27 , -44.54812895213631
49 , 28 , 76.61103588340501
49 , 29 , -87.87579445706305
49 , 30 , -89.29872211590016
49 , 31 , -83.01608946147601
49 , 32 , 26.74283820960303
49 , 33 , -113.80321492637519
49 , 34 , 68.62504874123515
49 , 35 , -26.769292709051825
49 , 36 , -38.46878060481841
49 , 37 , -13.150842592042197
49 , 38 , -66.07343100518527
49 , 39 , 3.421388287209956
49 , 40 , -19.503877430429654
49 , 41 , 25.739635630414917
49 , 42 , 75.5792714769918
49 , 43 , 142.15729576540429
49 , 44 , 71.78409767404507
49 , 45 , -24.219989855877902
49 , 46 , 35.91802324537361
49 , 47 , 128.94682633183174
49 , 48 , 50.947236734690286
49 , 49 , -20.306174983603142
49 , 50 , -139.37033142063177
50 , 1 , 34.659040787490355
50 , 2 , -18.880026121006615
50 , 3 , 18.109047096956342
50 , 4 , 85.78263660316894
50 , 5 , 50.772539897459346
50 , 6 , 87.43858209400977
50 , 7 , 9.646255844421315
50 , 8 , -108.0932783376827
50 , 9 , 2.625061652618635
50 , 10 , 27.81555036176624
50 , 11 , 8.80320183222657
50 , 12 , 31.0591518332382
50 , 13 , -8.338933973750612
50 , 14 , 24.155416574073417
50 , 15 , -105.95097096048221
50 , 16 , 7.160599305255165
50 , 17 , 137.4649460854474
50 , 18 , 57.88965283662402
50 , 19 , -134.54905635886908
50 , 20 , -59.32240584539316
50 , 21 , -97.34819701771309
50 , 22 , 145.42039312994137
50 , 23 , 43.76466101356498
50 , 24 , 34.11367156692969
50 , 25 , -23.55690017610417
50 , 26 , 57.73212855604582
50 , 27 , -61.53221243999323
50 , 28 , -67.44591093192457
50 , 29 , -72.92960367879903
50 , 30 , -30.38599422976683
50 , 31 , -34.88103744037185
50 , 32 , 23.916259417322387
50 , 33 , 31.944070190752825
50 , 34 , -61.09885596091269
50 , 35 , 32.44602582772388
50 , 36 , -72.82298918716326
50 , 37 , -35.29270038435141
50 , 38 , -26.97827215097739
50 , 39 , -95.17977853922116
50 , 40 , -3.608313351206764
50 , 41 , -65.22271250558026
50 , 42 , -130.53081637059896
50 , 43 , -53.834514829373575
50 , 44 , -52.73478134100736
50 , 45 , 86.68008391895238
50 , 46 , -46.12989816461306
50 , 47 , 38.35671196202084
50 , 48 , -9.577408707814028
50 , 49 , -7.470714847834056
50 , 50 , 77.49956789145693